26,7
26,6
26,5
26,4
26,3
26,2
26,1
26,0
25,3
25,2
25,1
25,0
24,3
24,2
24,1
24,0
23,4
23,3
23,2
23,1
23,0
22,3
22,2
22,1
22,0
21,3
21,2
21,1
21,0
20,5
20,4
20,3
20,2
20,1
20,0
19,6
19,5
19,4
19,3
19,2
19,1
19,0
18,4
18,3
18,2
18,1
18,0
17,6
17,5
17,4
17,3
17,2
17,1
17,0
16,4
16,3
16,2
16,1
16,0
15,6
15,5
15,4
15,3
15,2
15,1
15,0
14,4
14,3
14,2
14,1
14,0
13,6
13,5
13,4
13,3
13,2
13,1
13,0
12,5
12,4
12,3
12,2
12,1
12,0
11,4
11,3
11,2
11,1
11,0
10,4
10,3
10,2
10,1
10,0
9,3
9,2
9,1
9,0
8,3
8,2
8,1
8,0
4,3
2,3
1,3
0,324
0,243
0,9
0,0
0,1
0,300
0,299
0,298
0,297
0,296
0,295
0,294
0,293
0,292
0,291
0,290
0,289
0,288
0,287
0,286
0,285
0,284
0,283
0,282
0,281
0,280
0,279
0,278
0,277
0,276
0,275
0,274
0,273
0,272
0,271
0,270
0,269
0,268
0,267
0,266
0,265
0,264
0,263
0,262
0,261
0,260
0,259
0,258
0,257
0,256
0,362
0,255
0,361
0,254
0,360
0,253
0,359
0,252
0,358
0,251
0,250
0,357
0,249
0,356
0,248
0,247
0,246
0,245
0,244
0,242
0,241
0,240
0,239
0,238
0,237
0,236
0,235
0,234
0,233
0,232
0,231
0,230
0,229
0,228
0,355
0,227
0,354
0,226
0,353
0,225
0,352
0,224
0,351
0,223
0,350
0,222
0,349
0,221
0,348
0,220
0,347
0,219
0,346
0,218
0,345
0,217
0,344
0,216
0,343
0,215
0,342
0,214
0,341
0,213
0,340
0,212
0,339
0,211
0,338
0,210
0,337
0,209
0,336
0,208
0,335
0,207
0,334
0,206
0,333
0,205
0,332
0,204
0,331
0,203
0,330
0,202
0,329
0,201
0,328
0,200
0,327
0,199
0,326
0,198
0,325
0,197
0,323
0,196
0,322
0,195
0,321
0,194
0,320
0,193
0,319
0,192
0,318
0,63
0,317
0,62
0,61
0,60
0,59
0,58
0,316
0,57
0,315
0,56
0,314
0,55
0,54
0,53
0,52
0,313
0,51
0,312
0,50
0,311
0,49
0,310
0,48
0,309
0,47
0,308
0,46
0,307
0,45
0,301
0,6
0,5
0,304
0,303
0,306
0,305
0,302
0,12
0,10
0,8
0,11
0,4
0,2
0,3
0,7
